% latex table generated in R 2.13.2 by xtable 1.6-0 package
% Fri Dec  7 21:09:37 2012
\begin{table}[ht]
\begin{center}
\begin{tabular}{rrrrrrr}
  \hline
 & 1 & 2 & 3 & 4 & 5 & 6 \\ 
  \hline
1 & 0.57 & 0.55 & 0.48 & 0.29 & 0.32 & 0.28 \\ 
  2 & 0.55 & 0.60 & 0.54 & 0.28 & 0.37 & 0.33 \\ 
  3 & 0.48 & 0.54 & 0.52 & 0.25 & 0.34 & 0.32 \\ 
  4 & 0.29 & 0.28 & 0.25 & 0.23 & 0.25 & 0.22 \\ 
  5 & 0.32 & 0.37 & 0.34 & 0.25 & 0.39 & 0.34 \\ 
  6 & 0.28 & 0.33 & 0.32 & 0.22 & 0.34 & 0.37 \\ 
   \hline
\end{tabular}
\end{center}
\end{table}
