% latex table generated in R 2.13.2 by xtable 1.6-0 package
% Fri Dec  7 22:42:44 2012
\begin{table}[ht]
\begin{center}
\begin{tabular}{rrrrrrr}
  \hline
 & 1 & 2 & 3 & 4 & 5 & 6 \\ 
  \hline
1 & 0.00574 & 0.00548 & 0.00481 & 0.00285 & 0.00315 & 0.00277 \\ 
  2 & 0.00548 & 0.00597 & 0.00537 & 0.00275 & 0.00365 & 0.00331 \\ 
  3 & 0.00481 & 0.00537 & 0.00515 & 0.00247 & 0.00345 & 0.00322 \\ 
  4 & 0.00285 & 0.00275 & 0.00247 & 0.00231 & 0.00245 & 0.00216 \\ 
  5 & 0.00315 & 0.00365 & 0.00345 & 0.00245 & 0.00389 & 0.00342 \\ 
  6 & 0.00277 & 0.00331 & 0.00322 & 0.00216 & 0.00342 & 0.00370 \\ 
   \hline
\end{tabular}
\end{center}
\end{table}
